#Users     NewKeyPair_ns  RegisterUser_ns
4         1008926        5894125        
9         1512400        6465076        
16        1841996        8932841        
25        2527242        12314755       
36        3285845        15036803       
49        3734664        19255922       
64        4268192        20155805       
81        4697643        24358311       
100       5106700        28595328       
121       5747142        31049859       
144       6212070        35912082       
169       6329685        38523634       
196       6932216        38564046       
225       7459367        41653164       
256       7031738        47927910       
289       8848975        47686798       
324       9332918        54166260       
361       9462603        52293250       
400       10495431       60283443       
441       9572846        57263864       
484       11547406       63193555       
529       11772232       62485950       
576       10864505       74516162       
625       12905891       77713136       
676       11990524       78602519       
729       14090278       79305164       
784       13747827       84236479       
841       14918256       80731408       
900       13738741       83156099       
961       15800065       94987030       
1024      16635431       96540676       
1089      17199883       106045629      
1156      17235245       102411521      
1225      16377688       104804169      
1296      18602417       107971194      
1369      17174644       113478121      
1444      17391442       115606303      
1521      20565487       112640844      
1600      18641844       122965097      
1681      21316017       127359351      
1764      18436809       133322769      
1849      22221672       137229682      
1936      22610217       134228430      
2025      23398190       126210916      
2116      21280648       139714876      
2209      24435745       150214627      
2304      24960348       151396428      
2401      25048054       151342564      
2500      24459207       156673011      
2601      24031657       159973616      
2704      26917049       162888009      
2809      24113181       163156183      
2916      23829951       168488971      
3025      28352644       160409871      
3136      29242903       159786537      
3249      26393373       160696371      
3364      30291328       180080918      
3481      31223744       184264234      
3600      31568288       169306226      
3721      32406581       185606070      
3844      28250553       191762236      
3969      29527245       195121196      
4096      32443692       191072707      
4225      33409087       202162969      
4356      29715583       186026017      
4489      34564563       208252498      
4624      35197054       212114218      
4761      35867026       205895866      
4900      36529313       213634930      
5041      37301281       199668582      
5184      37363403       221858771      
5329      37670286       232806512      
5476      34869035       228399569      
5625      39118863       226982075      
5776      38119814       229309334      
5929      40452788       238238375      
6084      36949470       250402571      
6241      45436689       244065688      
6400      40684096       233735785      
6561      36273160       253442893      
6724      39401725       258220254      
6889      40992595       259279547      
7056      45336720       251582140      
7225      41059775       255508214      
7396      44711708       269708759      
7569      44845080       277819230      
7744      46788451       272945226      
7921      46535085       284839857      
8100      41404700       276104090      
8281      48029540       283763924      
8464      49150222       292602334      
8649      48770622       289009723      
8836      42235509       294654123      
9025      51095467       298082296      
9216      44853970       296455553      
9409      45447482       301086586      
9604      44815723       285663220      
9801      51772629       307036937      
10000     51645167       298907345      
10201     50801193       312386577      
10404     47894339       316244314      
10609     54575711       333335107      
10816     51732541       335639789      
11025     49439264       341155551      
11236     54330164       341819430      
11449     48416858       348729549      
11664     56063216       351936104      
11881     48833898       352967752      
12100     57335123       350838378      
12321     56770984       352034773      
12544     60281556       362620457      
12769     53872040       364379394      
12996     60392226       365894336      
13225     60685257       370218564      
13456     60236930       365930411      
13689     53905358       389821834      
13924     61165875       378794922      
14161     58880509       386400217      
14400     54927645       383651933      
14641     55154058       384023923      
14884     64506483       389476521      
15129     64364167       392711241      
15376     55686051       394323785      
15625     64841691       399517845      
15876     65933749       400331488      
16129     61871234       408961508      
16384     67590042       398770536      
16641     63191164       412270392      
16900     68456438       379608563      
17161     68942292       421607479      
17424     61718922       404386789      
17689     65186346       449113508      
17956     65223778       431330347      
18225     70157071       427805832      
18496     66337599       434605446      
18769     61024240       441318276      
19044     71391524       438605230      
19321     62604924       431375257      
19600     73864424       446214456      
19881     63273201       451457939      
20164     74285878       450302589      
20449     74342029       451997530      
20736     69489620       413737185      
21025     74096106       429915972      
21316     74279423       500910722      
21609     71703019       454452941      
21904     77166545       502585356      
22201     74733385       473735990      
22500     77526192       474353463      
22801     76893614       506947714      
23104     78206041       522699497      
23409     79218077       477512780      
23716     69196998       542654344      
24025     81933963       510498174      
24336     81640654       518938039      
24649     81663882       536917595      
24964     71456502       522101476      
25281     72054454       551386092      
25600     84781489       552744056      
25921     83615763       542840610      
26244     73593210       548536238      
26569     79129119       536775032      
26896     76876160       540789130      
27225     82922672       545792983      
27556     75331598       549266332      
27889     74430766       575413808      
28224     83480168       498596104      
28561     86268828       550520940      
28900     77627124       577902394      
29241     88452665       570780340      
29584     85948479       560330280      
29929     89434135       569458513      
30276     91355211       579210179      
30625     79103043       575897372      
30976     87178825       565514708      
31329     89656475       569497788      
31684     91169559       577879816      
32041     86926347       600759550      
32400     84184093       601957065      
32761     92313877       578484571      
33124     93308932       608193424      
33489     93366824       602357914      
33856     81271053       597864824      
34225     83879816       597597460      
34596     93889623       601991890      
34969     86116292       618093598      
35344     87345519       625940824      
35721     87010468       650804234      
36100     97318337       630550408      
36481     85649873       629626331      
36864     87348503       620441975      
37249     100498257      602076674      
37636     89795387       626290202      
38025     87903228       650097428      
38416     96341288       634332904      
38809     100700574      630805157      
39204     89176434       668465470      
39601     91347936       592194435      
40000     90359193       642143083      
40401     104925301      670988622      
40804     104982607      660807948      
41209     106191608      673036992      
41616     106537846      668095381      
42025     103960035      681541230      
42436     106514130      657549060      
42849     91748300       666869253      
43264     93608481       655057705      
43681     104064981      665084174      
44100     107687963      623827436      
44521     112057427      678005130      
44944     111682733      621766583      
45369     108406270      688358579      
45796     109221081      687204559      
46225     104569340      700793136      
46656     101887652      699128080      
47089     102942753      703802460      
47524     97803081       704517813      
47961     113189162      691747250      
48400     108939244      702511020      
48841     102057998      697748758      
49284     107735136      677405914      
49729     104578775      716662962      
50176     102210566      681905372      
50625     114841274      710218050      
51076     113836168      732646249      
51529     100002471      718752112      
51984     120217875      687708662      
52441     117262005      722362442      
52900     117861909      715528313      
53361     106990237      751074036      
53824     120450336      760652752      
54289     121624915      748411250      
54756     105525584      675234044      
55225     122169950      772361570      
55696     120273191      726481164      
56169     109398004      760358081      
56644     121161672      783739360      
57121     122090616      749659624      
57600     121666875      745595023      
58081     116154221      792921692      
58564     119321357      787369800      
59049     125691183      771354969      
59536     122055705      764041198      
60025     122968248      770810418      
60516     127303076      787397764      
61009     117213470      777634714      
61504     108484407      785864241      
62001     130631137      781723792      
62500     130607746      722747471      
63001     132201674      801463228      
63504     125658032      830453374      
64009     133496357      739093672      
64516     131826700      794530902      
65025     133457526      813014260      
65536     131466180      827766896      
66049     120063321      818513181      
66564     115163265      808028796      
67081     131286438      851140180      
67600     136035837      785558630      
68121     121135210      798823694      
68644     136785177      817900322      
69169     122168057      833117768      
69696     118392412      830633060      
70225     136785402      868990790      
70756     138071730      826745426      
71289     118778165      871183204      
71824     123573006      865914890      
72361     124342773      855853223      
72900     144359713      855481482      
73441     126460292      828831128      
73984     139515756      891687295      
74529     125186862      866144088      
75076     123834738      853825296      
75625     134805240      933648925      
76176     143417042      871795320      
76729     125106754      901626400      
77284     137107780      842584681      
77841     135617569      1029823016     
78400     133695851      871056174      
78961     125579146      1001568745     
79524     145270355      891645250      
80089     145994438      899224706      
80656     128572565      916995222      
81225     126293044      833035600      
81796     131549034      913297681      
82369     147123997      867065124      
82944     130715215      847830512      
83521     150317848      916924318      
84100     150944400      1017278217     
84681     148932308      1015450538     
85264     132138740      926821591      
85849     151414019      1012210157     
86436     148987673      1021941120     
87025     150234507      926892896      
87616     149982148      853057647      
88209     133662130      1022797139     
88804     146222951      1058684662     
89401     145999154      1039738593     
90000     154794075      1011245701     
90601     134038760      1033212971     
91204     152727321      918872778      
91809     137755606      1040391179     
92416     136249300      1018336587     
93025     156454688      1017693124     
93636     155519171      1038377685     
94249     156461968      1054729038     
94864     137723836      914904490      
95481     151620479      1084748081     
96100     159325659      892326296      
96721     157511630      899123171      
97344     154068315      1023578974     
97969     159301210      1096611389     
98596     159566276      1062071669     
99225     156588167      1049484211     
99856     160070642      914745218      
100489    152790780      1082623891     
101124    161294284      1102804802     
101761    161437787      1105540228     
102400    160851865      1093797602     
103041    167512241      1069155530     
103684    168397243      1118237369     
104329    143039093      1102661974     
104976    168345674      1089901485     
105625    148877874      1092942111     
106276    169784173      1097110368     
106929    172715164      1088147511     
107584    171656878      1088424082     
108241    150911116      1138140523     
108900    171647955      1083244403     
109561    172684850      1161835960     
110224    173083084      1138079086     
110889    173898899      1066250811     
111556    163982203      1129889991     
112225    175793172      1107344063     
112896    177226640      1121060687     
113569    153868667      1147392832     
114244    177402062      1136831196     
114921    155861369      1161621470     
115600    155371985      1098061940     
116281    175981174      1160411970     
116964    177318519      1170855512     
117649    171271932      1125192538     
118336    181626121      1171474797     
119025    168527568      1183162541     
119716    177065337      1177712939     
120409    163791217      1188303868     
121104    177132688      1072370891     
121801    174236993      1188833703     
122500    180731150      1085736224     
123201    172098889      1209951306     
123904    180688200      1102203838     
124609    183761153      1192205376     
125316    170554099      1183998608     
126025    185916174      1180040125     
126736    161396168      1143975083     
127449    183483928      1166279119     
128164    180713236      1165690917     
128881    174334504      1169568323     
129600    178002552      1222886438     
130321    185930562      1227706035     
131044    186811142      1178362252     
131769    177247038      1197912932     
132496    165105873      1162384388     
133225    189944110      1244580439     
133956    168076485      1188215771     
134689    185878995      1206963137     
135424    180857922      1190833000     
136161    169448133      1230945503     
136900    169370079      1239377389     
137641    180887440      1242622571     
138384    168841256      1232228957     
139129    178246309      1225016153     
139876    165778894      1158343393     
140625    190993140      1252350662     
141376    190622492      1235457721     
142129    173424208      1238722210     
142884    185625144      1252598688     
143641    189994855      1261233842     
144400    192551362      1196143531     
145161    195348704      1284137876     
145924    190559163      1250968329     
146689    172324117      1270375973     
147456    190833503      1242749022     
148225    200348288      1287797384     
148996    200718172      1155135865     
149769    202105945      1290340651     
150544    175485624      1158444556     
151321    206549456      1297692657     
152100    201906217      1277043727     
152881    201460502      1311097350     
153664    176206038      1303833227     
154449    207980963      1324386612     
155236    207609853      1303962903     
156025    204551328      1333710563     
156816    205104715      1250218566     
157609    208153537      1306484605     
158404    208439557      1336962490     
159201    207534736      1240016299     
160000    179169193      1388800039     
160801    207736355      1289139326     
161604    196049725      1318990937     
162409    209467664      1353989952     
163216    207877222      1310775306     
164025    213523491      1344759880     
164836    205584139      1339496008     
165649    205418753      1358770198     
166464    201015384      1327007231     
167281    210599879      1329084413     
168100    212023968      1370368688     
168921    212909590      1332947611     
169744    211127329      1327312815     
170569    213167873      1363514395     
171396    211430289      1370235207     
172225    214145999      1362144408     
173056    213186987      1372981684     
173889    204917924      1306138447     
174724    185967669      1421004248     
175561    219907639      1290931890     
176400    215652579      1358857859     
177241    220481127      1333095025     
178084    191850341      1397282421     
178929    216812232      1380566768     
179776    215371285      1371037113     
180625    214256439      1384169437     
181476    200117752      1437110244     
182329    217437329      1445628966     
183184    192259558      1417383795     
184041    219519399      1480801338     
184900    214235707      1391567985     
185761    201631944      1401381750     
186624    195040347      1402400663     
187489    221515359      1442807323     
188356    214746076      1397036478     
189225    223861405      1400666243     
190096    216280752      1435600709     
190969    219694450      1299061313     
191844    250212190      1338459381     
192721    221822353      1420520366     
193600    228061786      1391693678     
194481    227827531      1427372075     
195364    225779269      1384640558     
196249    229480475      1537166741     
197136    232134918      1394542432     
198025    220001556      1447184784     
198916    229416850      1410326441     
199809    203770088      1367223236     
200704    199874931      1328837249     
201601    208131487      1366099664     
202500    226163380      1465595790     
203401    197023422      1469359292     
204304    227615170      1354650542     
205209    205221982      1448209088     
206116    232491813      1427210287     
207025    228712302      1440297098     
207936    230326262      1463196911     
208849    230806710      1525775440     
209764    222054609      1450330129     
210681    224201984      1514984125     
211600    231945492      1395302197     
212521    234550358      1509553187     
213444    213252303      1405691489     
214369    222381973      1456562105     
215296    228635429      1491242778     
216225    206632130      1513979729     
217156    234115265      1452090970     
218089    204371317      1525157518     
219024    206358307      1492440580     
219961    204351341      1488423326     
220900    237763674      1533679028     
221841    235083915      1514827326     
222784    244553451      1534434637     
223729    240789822      1535019499     
224676    254719404      1530990143     
225625    238789130      1560622919     
226576    236231358      1537306489     
227529    241492471      1569597760     
228484    236043694      1558182289     
229441    223021260      1575516219     
230400    253092172      1570090095     
231361    250820531      1606369385     
232324    244339776      1545133161     
233289    252804336      1506238678     
234256    253985682      1594068991     
235225    223314264      1577195966     
236196    250875669      1589081362     
237169    252453508      1579901305     
238144    225222072      1605458977     
239121    256568528      1605137821     
240100    261684804      1574200996     
241081    253868273      1596129520     
242064    224339037      1561105765     
243049    255980725      1592399952     
244036    256460125      1562406446     
245025    226830300      1612296796     
246016    221244413      1614150896     
247009    228939386      1642669006     
248004    260038740      1619981615     
249001    240344637      1596407839     
250000    259082334      1616608466     
251001    257345838      1564290009     
252004    252849963      1610854575     
253009    258029936      1678680127     
254016    229669596      1554992126     
255025    222427472      1652062396     
256036    260326617      1649001480     
257049    254589956      1623607529     
258064    259682402      1623665833     
259081    229402604      1659186384     
260100    261592936      1649664210     
261121    229291533      1692422516     
262144    228687457      1690165322     
263169    252696047      1568959207     
264196    266816413      1572954611     
265225    263325309      1543706834     
266256    266620934      1605335892     
267289    267430966      1637068936     
268324    264913151      1676016441     
269361    232469660      1697588963     
270400    269641328      1667856562     
271441    237692708      1644379326     
272484    267257647      1650689913     
273529    271509485      1707146666     
274576    271293488      1690510992     
275625    271787596      1686205038     
276676    274181110      1745214979     
277729    258017955      1608633922     
278784    232604742      1579450424     
279841    272731473      1704954670     
280900    234658157      1759464685     
281961    237031836      1722910449     
283024    271299517      1697951864     
284089    270065490      1700457108     
285156    273423695      1756140651     
286225    239399467      1686128394     
287296    254893725      1723391987     
288369    273843901      1748040921     
289444    276640694      1736779519     
290521    272371016      1725340102     
291600    239500585      1714510035     
292681    275093802      1785896276     
293764    241966210      1692033973     
294849    276621606      1713934129     
295936    280306677      1674150309     
297025    277690492      1681468936     
298116    285012896      1781432268     
299209    244372578      1718095689     
300304    283948514      1619437362     
301401    250663234      1793607821     
302500    267405169      1924590166     
303601    282701298      1732657248     
304704    244101534      1766878740     
305809    283635384      1745323325     
306916    282490157      1775436125     
308025    273485610      1798962563     
309136    273795265      1712976632     
310249    266860654      1792911160     
311364    274592793      1792102276     
312481    284171435      1805685592     
313600    247270023      1669885381     
314721    249051941      1806342263     
315844    283649385      1771797750     
316969    279715248      1789087615     
318096    286386982      1780704083     
319225    256529379      1848355371     
320356    288506622      1831732938     
321489    291490303      1835673246     
322624    287035530      1836640454     
323761    258537217      1806896759     
324900    262442379      1734621901     
326041    295909883      1714533466     
327184    265337507      1784073953     
328329    288494878      1822610694     
329476    293228748      1774841662     
330625    253424108      1852972794     
331776    261457990      1724134473     
332929    294094646      1890667271     
334084    287006450      1859158115     
335241    269447571      1902295502     
336400    295112676      1868132798     
337561    259763947      1855929936     
338724    297243930      1795600863     
339889    258222199      1876199958     
341056    257584512      1875573143     
342225    300726228      1788649236     
343396    284826217      1910141586     
344569    295452104      1845018979     
345744    295504614      1850474485     
346921    287651821      1837664700     
348100    263786804      1884756839     
349281    299305878      1827760105     
350464    269385814      1923263644     
351649    266431325      1846033556     
352836    352968316      1924598790     
354025    288478043      1919457403     
355216    302373402      1863942619     
356409    291400831      1802791250     
357604    310199696      1819693737     
358801    305135914      1800587037     
360000    273067241      1847036062     
361201    292712980      1835569212     
362404    305864480      1914899654     
363609    309794685      1968636236     
364816    300071162      1954989583     
366025    290365890      1981848256     
367236    268264428      1880030872     
368449    286314902      1872665326     
369664    308305258      1905409663     
370881    306776772      1807610430     
372100    306059053      1951247303     
373321    300756470      1951914629     
374544    301112184      1979891370     
375769    304961254      1958816846     
376996    309026381      1846639408     
378225    308672141      1932857567     
379456    276206563      1915878321     
380689    281858107      1963135260     
381924    313167366      1946098365     
383161    312963986      1953426553     
384400    310407308      1978234487     
385641    278299263      1964772051     
386884    314554668      1961043160     
388129    312709197      1784485226     
389376    316499135      1999733256     
390625    317864169      1931877286     
391876    315657664      1831384310     
393129    279219928      2199322693     
394384    316828901      1952627982     
395641    315688873      2032747466     
396900    304826760      2027801778     
398161    305748484      1899417973     
399424    318025747      1972941011     
400689    279072299      2047656716     
401956    283835472      1939031642     
403225    289046865      1974031152     
404496    285146439      1898190941     
405769    289320641      1985737499     
407044    335416093      2014876487     
408321    290920304      2046010207     
409600    340046924      2075321176     
410881    285497675      1999757941     
412164    317438260      1964226025     
413449    295292794      1967700791     
414736    298351384      1980744767     
416025    323700216      1966741155     
417316    288560215      2091932073     
418609    284071694      2066052637     
419904    341911668      2072790027     
421201    338192771      2074956078     
422500    285531445      2025562292     
423801    334787606      2011979195     
425104    338945044      2070962691     
426409    315110581      1884183102     
427716    345744021      2119728941     
429025    291344295      1968264069     
430336    317303296      2117387811     
431649    338957937      2024234469     
432964    341487400      2141320858     
434281    297493100      2119107021     
435600    321293306      2117182943     
436921    348600959      2145775255     
438244    299535126      2051818262     
439569    319755445      2114923708     
440896    309203388      2077046052     
442225    348470589      2085519545     
443556    344652102      2083823729     
444889    346644555      2113475979     
446224    341376617      1956326290     
447561    340888652      2038294002     
448900    325648944      2162007119     
450241    347878242      2168972575     
451584    341772978      2156676032     
452929    345112729      2146672597     
454276    359008647      2083046801     
455625    342925237      2138448535     
456976    351816843      2174061748     
458329    352450273      2083330332     
459684    348078644      2094909050     
461041    303458796      2186841868     
462400    335577552      2132691538     
463761    306988442      2105188233     
465124    348381798      2122504766     
466489    353969835      2139919661     
467856    350850810      2106242699     
469225    345344685      2165773697     
470596    354610712      2192671904     
471969    314757171      2110082991     
473344    327867912      2183648178     
474721    356122319      2184956093     
476100    309941676      2159589293     
477481    352481562      2113422227     
478864    368713675      2169285931     
480249    364239904      2175100845     
481636    329130052      2151623070     
483025    369471788      2014826619     
484416    369584412      2232670557     
485809    363006658      2235020690     
487204    360633658      2196627435     
488601    309953754      2217347885     
490000    365136055      2233979859     
491401    366643935      2175696414     
492804    346351952      2249837685     
494209    343425147      2165633720     
495616    370803755      2146781034     
497025    363778679      2185787302     
498436    322453548      2224719280     
499849    367335773      2229795977     
501264    375500032      2257144753     
502681    321437783      2368432646     
504100    369260878      2207882008     
505521    371111886      2114785401     
506944    360834931      2241893071     
508369    368642247      2213139231     
509796    363645511      2287358341     
511225    364743902      2178477199     
512656    370931078      2313768992     
514089    323914696      2196343421     
515524    367751884      2299796105     
516961    371477410      2232511164     
518400    358769012      2315500629     
519841    357405443      2224615542     
521284    334455957      2294390838     
522729    355317824      2231878499     
524176    335302283      2305813239     
525625    377913657      2292228776     
527076    365031802      2313054318     
528529    376701464      2270425212     
529984    382418850      2212030164     
531441    377516472      2246778819     
532900    326844298      2264920864     
534361    374959833      2274799739     
535824    380009345      2325271118     
537289    378234527      2335642214     
538756    349540189      2319371287     
540225    334089041      2295392334     
541696    373137453      2319993730     
543169    373344627      2197285057     
544644    374528639      2353951404     
546121    374465758      2326229984     
547600    330773904      2404108460     
549081    348381259      2412606065     
550564    386241671      2389681667     
552049    334764069      2401872340     
553536    385821191      2365049578     
555025    377045468      2250817899     
556516    393503005      2387278762     
558009    380907076      2172148827     
559504    378417453      2379669049     
561001    384086834      2277249550     
562500    391327629      2273761611     
564001    386743144      2391423165     
565504    372624064      2380845964     
567009    384836095      2368605543     
568516    382915489      2300116364     
570025    353759911      2415578291     
571536    395503116      2411858009     
573049    381111280      2318807138     
574564    377466372      2439649830     
576081    349104650      2378374602     
577600    394492553      2408393743     
579121    388794269      2392125463     
580644    335878492      2237378254     
582169    381553910      2324634935     
583696    392441082      2428467207     
585225    344964735      2446568919     
586756    390688069      2356786016     
588289    389044430      2400661937     
589824    384743930      2448412393     
591361    370522799      2369765584     
592900    390570404      2377563461     
594441    393010455      2438530375     
595984    383941224      2385369259     
597529    392997230      2266656388     
599076    378197217      2436275689     
600625    345488482      2235947355     
602176    398866538      2341181799     
603729    379662667      2408909908     
605284    360569046      2494493556     
606841    396364762      2461203364     
608400    393321324      2439967411     
609961    398891612      2469976693     
611524    399489609      2460893829     
613089    361058925      2518806788     
614656    405770749      2495343549     
616225    397377568      2379408854     
617796    356886546      2418616931     
619369    392610815      2510937777     
620944    396622007      2458481151     
622521    393875519      2415220200     
624100    399612149      2387205710     
625681    394129586      2484713316     
627264    410324597      2407877026     
628849    382316748      2381885360     
630436    391507089      2401642480     
632025    397258200      2462021889     
633616    400837721      2442987839     
635209    356304805      2545669438     
636804    362957619      2488727655     
638401    355619491      2491869764     
640000    354210263      2516645586     
641601    387504611      2451958485     
643204    346694917      2491510153     
644809    354129833      2554286966     
646416    408320255      2401889224     
648025    409750325      2543969828     
649636    362055327      2472173277     
651249    414982363      2463250884     
652864    410756658      2577369046     
654481    409076502      2423350174     
656100    399975670      2540019451     
657721    362330948      2533396674     
659344    413444748      2572541733     
660969    409059137      2526538715     
662596    371085841      2543670535     
664225    400555939      2395555458     
665856    361224885      2530891904     
667489    408843367      2587224932     
669124    370961021      2570144524     
670761    390566093      2520875146     
672400    367048835      2550719553     
674041    418946672      2611310666     
675684    384345554      2447286619     
677329    418162275      2585602560     
678976    366761132      2599296553     
680625    415382585      2606585894     
682276    369898635      2566142312     
683929    414220460      2619444474     
685584    389238903      2612045801     
687241    367745208      2613551666     
688900    420419425      2582239771     
690561    381679537      2581023651     
692224    424078920      2577811911     
693889    431355205      2543667724     
695556    418433941      2608096146     
697225    431684309      2563486088     
698896    389790734      2619991084     
700569    387424789      2655417082     
702244    375285903      2568047678     
703921    427613674      2532908596     
705600    434992106      2615370558     
707281    401139660      2641628933     
708964    429246271      2524772222     
710649    375552494      2568316027     
712336    433587530      2629040647     
714025    379350998      2584907466     
715716    378998852      2478988618     
717409    377434120      2728525380     
719104    382378573      2595745292     
720801    434842059      2555670681     
722500    383440677      2441166967     
724201    417624700      2678661447     
725904    412094938      2783577749     
727609    437433632      2734042914     
729316    431544826      2654312993     
731025    432523928      2581670621     
732736    418808928      2650175691     
734449    424443949      2483130946     
736164    429036803      2644859568     
737881    384860731      2667722973     
739600    386509450      2679628425     
741321    435557976      2716650604     
743044    416742477      2714636173     
744769    432373301      2664000130     
746496    410647157      2688716021     
748225    416853990      2566567762     
749956    432822750      2835701918     
751689    441035888      2679897729     
753424    417607607      2736816315     
755161    446143953      2676822925     
756900    397570870      2571686450     
758641    443857261      2594241537     
760384    439002062      2726693723     
762129    427036014      2680622808     
763876    446432303      2729851044     
765625    390954065      2746257281     
767376    453242816      2712384917     
769129    386304277      2665194441     
770884    446364017      2722177054     
772641    451654704      2770442219     
774400    402951062      2706076770     
776161    443771633      2524005067     
777924    433571791      2748028364     
779689    407024492      2762384646     
781456    436839023      2780142303     
783225    448197377      2729389586     
784996    389063752      2850688389     
786769    442167935      2709666225     
788544    406462417      2754110681     
790321    409199672      2749614293     
792100    453953381      2718237543     
793881    455080013      2810033460     
795664    394838011      2632775554     
797449    436518398      2788484204     
799236    461255506      2787466873     
801025    455756160      2737399249     
802816    433910032      2802530556     
804609    406998508      2853260046     
806404    405590279      2837184062     
808201    433079835      2834192059     
810000    451295484      2806962831     
811801    462842835      2802747629     
813604    414327091      2681256947     
815409    420710245      2817096227     
817216    458702371      2842641043     
819025    427720063      2801965518     
820836    449905900      2768645940     
822649    417371335      2850404602     
824464    459241860      2733085301     
826281    432552693      2708848559     
828100    411537269      2744065623     
829921    451822639      2705533530     
831744    433894346      2858288725     
833569    445665132      2785401320     
835396    428736041      2831859096     
837225    455847831      2718208296     
839056    432551381      2887448778     
840889    439185757      2783119751     
842724    465678586      2752547749     
844561    464187887      2903284719     
846400    413340820      2801145753     
848241    417889049      2868027252     
850084    469008323      2911417428     
851929    428285319      2845268786     
853776    474812324      2959693897     
855625    462996233      2781279398     
857476    463015933      2825887718     
859329    459447379      2928165403     
861184    468022685      2805321278     
863041    438854533      2672999033     
864900    453159970      2921726424     
866761    421952672      2717510152     
868624    415789295      2920888563     
870489    466218682      2840488130     
872356    422610247      2897118214     
874225    463836223      2896434135     
876096    445906604      2940427283     
877969    409571255      2914739667     
879844    473296165      2889133292     
881721    475762763      2911426640     
883600    459659721      2914805947     
885481    421983837      2916165418     
887364    462237607      2791749853     
889249    425427253      2924095452     
891136    521881748      2869658112     
893025    472285954      2893309295     
894916    434087165      2822022947     
896809    455946020      2967668879     
898704    435049310      2933834650     
900601    434207822      2952222811     
902500    456042949      2813043868     
904401    471685303      2972707951     
906304    432669671      2966545048     
908209    425485581      2958479063     
910116    509307172      2956892178     
912025    433827837      3021972791     
913936    500507479      3017576048     
915849    503357155      2981848126     
917764    422956705      2996365696     
919681    431008311      2939257923     
921600    430075767      2809091533     
923521    501370923      3079993255     
925444    505978784      3342877811     
927369    462011768      3302582018     
929296    434617695      3316178298     
931225    466745603      3180167448     
933156    505223727      3083294671     
935089    500141847      2990774214     
937024    511629096      3011745289     
938961    500687530      3084153087     
940900    432273700      3101936694     
942841    474598506      3422946463     
944784    428390669      3549744140     
946729    471746725      3071465793     
948676    506401582      3022164268     
950625    502088532      2841306681     
952576    510962716      3010737618     
954529    509574844      3058469704     
956484    513012450      3043971147     
958441    504008582      3016300225     
960400    507768729      3089042827     
962361    443730285      3068957888     
964324    505763802      3048467302     
966289    513380432      3097874611     
968256    509225000      3154697506     
970225    513547861      2937755280     
972196    508158666      2933153721     
974169    482187144      3050130027     
976144    442218186      3078524211     
978121    445711798      3081924180     
980100    509774656      3057609122     
982081    519173340      3062875397     
984064    521090496      3019057713     
986049    521934935      3056495424     
988036    439318128      3092517683     
990025    448275961      3112801795     
992016    526028360      3058062049     
994009    532168151      3032173745     
996004    520249406      3017345869     
998001    519495994      3111657723     
1000000   485902475      3048326071     
